1.00000000 0.00005272 0.00000683 -0.00006631 -0.00003120 0.00003138 -0.00001563 1.00000000
10.00000000 -0.01809597 -0.01406141 0.05157150 -0.00323565 -0.00564899 -0.00071974 0.99997855
14.00000000 -0.01771832 -0.03189185 0.09866451 -0.00434134 -0.00935790 -0.00163336 0.99994546
18.00000000 -0.02110649 -0.04968275 0.15376785 -0.00514624 -0.01103857 -0.00300822 0.99992131
21.00000000 -0.02831596 -0.06598527 0.20169717 -0.00265974 -0.01200425 -0.00253342 0.99992120
24.00000000 -0.03330164 -0.08617632 0.25211412 -0.00286615 -0.01178255 -0.00328824 0.99992107
26.00000000 -0.03661538 -0.09603427 0.29006404 -0.00273645 -0.01179944 -0.00364114 0.99992001
29.00000000 -0.04167568 -0.11730226 0.34379363 0.00048070 -0.01659445 -0.00332047 0.99985667
32.00000000 -0.05009691 -0.13506722 0.39998770 0.00061983 -0.01560171 -0.00240551 0.99987520
35.00000000 -0.06052407 -0.15756172 0.45485109 0.00485811 -0.01104691 -0.00096149 0.99992672
40.00000000 -0.06929837 -0.18888646 0.54785556 0.00503140 -0.01160709 -0.00043717 0.99991988
44.00000000 -0.07548658 -0.21899870 0.62364972 0.00523611 -0.01144452 -0.00150502 0.99991967
48.00000000 -0.08251470 -0.24994841 0.70034689 0.00649623 -0.01137443 -0.00282882 0.99991021
52.00000000 -0.08294310 -0.27400628 0.77641737 0.00376448 -0.01167958 -0.00423909 0.99991572
55.00000000 -0.08260523 -0.29695493 0.83090752 0.00269646 -0.01635852 -0.00621196 0.99984326
58.00000000 -0.08613302 -0.31206077 0.88700575 0.00171511 -0.01801630 -0.00842791 0.99980070
60.00000000 -0.09326623 -0.32574749 0.92257941 0.00213657 -0.01886082 -0.00954829 0.99977424
60.00000000 -0.10111853 -0.32015161 0.93089432 0.01788444 0.00202204 -0.00915945 0.99979606
62.00000000 -0.10417690 -0.33540865 0.96578390 0.01498254 -0.00065108 -0.01056710 0.99983170
64.00000000 -0.10680409 -0.34622777 1.00365661 0.01237948 -0.00368069 -0.01197294 0.99984491
66.00000000 -0.10810488 -0.36010583 1.04053652 0.01101273 -0.01148396 -0.01332336 0.99978464
69.00000000 -0.11207554 -0.38104078 1.09249385 0.00792577 -0.01507390 -0.01458705 0.99974856
72.00000000 -0.12048695 -0.39900016 1.14932972 0.00619598 -0.01646972 -0.01548062 0.99972532
75.00000000 -0.12817559 -0.42165900 1.20315168 0.00194028 -0.01742279 -0.01508179 0.99973257
78.00000000 -0.13160386 -0.43994332 1.26292589 -0.00000305 -0.01992446 -0.01463171 0.99969442
80.00000000 -0.13479320 -0.45742041 1.29869271 -0.00173700 -0.02173545 -0.01428972 0.99966012
83.00000000 -0.14088614 -0.47494989 1.35432246 -0.00268130 -0.02298129 -0.01458599 0.99962589
85.00000000 -0.14671716 -0.49222871 1.39242524 -0.00195100 -0.02302880 -0.01455720 0.99962691
88.00000000 -0.14894140 -0.51287902 1.44900768 -0.00511144 -0.02524043 -0.01499235 0.99955591
91.00000000 -0.14809701 -0.53373614 1.50733884 -0.00591468 -0.03857339 -0.01489466 0.99912725
93.00000000 -0.14934086 -0.54840619 1.54186339 -0.00712663 -0.04098919 -0.01600522 0.99900597
96.00000000 -0.15564300 -0.56518290 1.60081177 -0.00804326 -0.04178369 -0.01920458 0.99890971
98.00000000 -0.16275809 -0.58530140 1.64266843 -0.00978675 -0.04143957 -0.01960723 0.99890066
101.00000000 -0.16763817 -0.60477754 1.70252176 -0.01340179 -0.04225313 -0.02114021 0.99879335
101.00000000 -0.16586966 -0.59832081 1.72826655 0.00917851 -0.02075458 -0.01884078 0.99956492
104.00000000 -0.17429841 -0.62282325 1.78183432 0.00566990 -0.02150645 -0.01989159 0.99955473
107.00000000 -0.18922558 -0.64057002 1.83193343 0.00161286 -0.01999608 -0.02013484 0.99959599
109.00000000 -0.20191961 -0.65375239 1.86703835 0.00165849 -0.01789783 -0.01947252 0.99964881
111.00000000 -0.21365365 -0.67066292 1.90078054 -0.00113054 -0.01588284 -0.01926339 0.99968764
113.00000000 -0.22520927 -0.68162949 1.93749120 -0.00462998 -0.01440711 -0.01839931 0.99971619
115.00000000 -0.23512872 -0.69567520 1.97294011 -0.00710869 -0.01457662 -0.01734503 0.99971803
117.00000000 -0.24736126 -0.71283476 2.00749052 -0.01086193 -0.01506923 -0.01666807 0.99968851
119.00000000 -0.25967559 -0.72304252 2.04272610 -0.01325982 -0.01411765 -0.01590858 0.99968584
121.00000000 -0.27293168 -0.73754186 2.07826914 -0.01392948 -0.01224058 -0.01498160 0.99971580
124.00000000 -0.28770027 -0.76157936 2.13250073 -0.02073416 -0.00894308 -0.01429906 0.99964276
127.00000000 -0.29938856 -0.78239581 2.19001034 -0.02389930 -0.00848660 -0.01443656 0.99957410
130.00000000 -0.31171722 -0.80589034 2.24415546 -0.02882297 -0.00793998 -0.01468562 0.99944511
133.00000000 -0.32817770 -0.82693481 2.30177283 -0.03176372 -0.00557108 -0.01486861 0.99936928
135.00000000 -0.33659807 -0.84423355 2.33742520 -0.03532236 -0.00381487 -0.01376433 0.99927390
138.00000000 -0.34508545 -0.86335614 2.39716364 -0.04098827 -0.00222000 -0.01461282 0.99905030
140.00000000 -0.35095221 -0.88176171 2.43531172 -0.04462774 -0.00229665 -0.01491519 0.99888970
140.00000000 -0.34712225 -0.87738501 2.43715691 -0.03403313 -0.02347101 -0.01167037 0.99907690
143.00000000 -0.35712786 -0.89635708 2.49143572 -0.03951987 -0.02025823 -0.00989956 0.99896436
146.00000000 -0.36846293 -0.92146283 2.54670500 -0.04323344 -0.01383115 -0.00823394 0.99893532
150.00000000 -0.37845102 -0.94695500 2.62011137 -0.04915541 -0.01000783 -0.00687385 0.99871735
153.00000000 -0.38791424 -0.97394934 2.67148904 -0.05298661 -0.00840087 -0.00439563 0.99855021
156.00000000 -0.40258355 -0.98885722 2.72304123 -0.05627812 -0.00101276 -0.00147137 0.99841353
160.00000000 -0.42219501 -1.01731363 2.78837508 -0.06038726 0.01529972 0.00606318 0.99803935
164.00000000 -0.43835941 -1.04163223 2.85189283 -0.06301978 0.03368752 0.01788512 0.99728320
167.00000000 -0.45270473 -1.06048546 2.89664692 -0.06517850 0.06074488 0.03200567 0.99550864
170.00000000 -0.46912228 -1.07823141 2.94368057 -0.06443731 0.10227528 0.04988510 0.99141267
172.00000000 -0.47628217 -1.09310658 2.97373644 -0.06360332 0.12710926 0.06291495 0.98784592
175.00000000 -0.48485456 -1.10588420 3.01537896 -0.06141114 0.16912549 0.08514492 0.97998754
177.00000000 -0.49121854 -1.11918390 3.04361376 -0.05887759 0.20377515 0.10110935 0.97200104
179.00000000 -0.49778601 -1.13117465 3.07046893 -0.05632304 0.23603392 0.11728305 0.96299553
181.00000000 -0.50457495 -1.13865919 3.09841822 -0.05281402 0.27150743 0.13356152 0.95165945
183.00000000 -0.51379363 -1.14949217 3.12741028 -0.04952751 0.30637256 0.14972019 0.93875809
185.00000000 -0.51814456 -1.16284826 3.15417076 -0.04465969 0.34008372 0.16499867 0.92472916
185.00000000 -0.52658360 -1.16080384 3.15165023 -0.03925340 0.33738464 0.16507485 0.92594874
187.00000000 -0.52344533 -1.17068107 3.17805891 -0.03416017 0.37177070 0.17943352 0.91017759
189.00000000 -0.51251867 -1.17826996 3.20370068 -0.02926161 0.41015845 0.19314245 0.89084780
191.00000000 -0.50064525 -1.18831351 3.22595977 -0.02366342 0.44540961 0.20476477 0.87127591
193.00000000 -0.48377168 -1.19818254 3.24584293 -0.01822092 0.47962783 0.21582914 0.85031931
195.00000000 -0.46373303 -1.20474344 3.26465798 -0.01290327 0.51402068 0.22455015 0.82776414
197.00000000 -0.43918001 -1.20955143 3.28179559 -0.00839710 0.54272655 0.23208352 0.80716456
199.00000000 -0.41351324 -1.21629686 3.29455621 -0.00385224 0.56571347 0.23769663 0.78959087
201.00000000 -0.38358747 -1.21820976 3.30452159 -0.00132723 0.58283152 0.24074205 0.77611141
203.00000000 -0.34907056 -1.21880642 3.31030597 -0.00176545 0.59472651 0.24325172 0.76624139
205.00000000 -0.31398205 -1.22321024 3.31405117 -0.00059309 0.60482017 0.24256906 0.75851991
207.00000000 -0.27948328 -1.22491779 3.31816238 -0.00096787 0.61095782 0.24143296 0.75394942
211.00000000 -0.20091749 -1.22423594 3.32419742 -0.00260190 0.61484751 0.23978241 0.75130564
214.00000000 -0.14291037 -1.22562803 3.32686099 -0.00344858 0.61803521 0.23917872 0.74887524
217.00000000 -0.08503591 -1.22414609 3.32836185 -0.00256608 0.62123343 0.23863705 0.74640124
220.00000000 -0.03141724 -1.22567123 3.33156709 -0.00289402 0.62792012 0.23925647 0.74058375
223.00000000 0.02352610 -1.22357650 3.33704033 -0.00239744 0.63786959 0.24228006 0.73103831
223.00000000 0.02357353 -1.22159457 3.33658838 -0.00578607 0.63170027 0.24372357 0.73588051
226.00000000 0.07844233 -1.22479729 3.33752319 -0.00238977 0.64575913 0.24539834 0.72302772
229.00000000 0.13208481 -1.21960964 3.33432699 0.00056345 0.66527392 0.24949233 0.70367881
231.00000000 0.16633113 -1.21992301 3.33060090 0.00247382 0.68921091 0.25169683 0.67943426
232.00000000 0.18140327 -1.22023819 3.32866932 0.00359985 0.70623041 0.25403806 0.66082548
233.00000000 0.19599976 -1.21898316 3.32745377 0.00616792 0.72390628 0.25628190 0.64050077
235.00000000 0.22476005 -1.21570323 3.32811977 0.01013497 0.75995538 0.26126352 0.59506846
236.00000000 0.23987760 -1.21545493 3.32920063 0.01149367 0.77871058 0.26426178 0.56889669
238.00000000 0.26824548 -1.21735008 3.33097493 0.01531941 0.82063862 0.26558768 0.50574773
240.00000000 0.29361043 -1.21824783 3.32789476 0.02010535 0.85518589 0.26710327 0.44374397
241.00000000 0.30655239 -1.21718087 3.32550562 0.02095405 0.87084813 0.26754710 0.41182887
242.00000000 0.32005580 -1.21362892 3.32101321 0.02080541 0.88543427 0.26690310 0.37991582
243.00000000 0.33359021 -1.21013616 3.31626330 0.02018238 0.90043850 0.26444733 0.34477642
244.00000000 0.34575815 -1.20629780 3.30690630 0.02050347 0.91139666 0.26370387 0.31527133
245.00000000 0.35739938 -1.20375206 3.29902055 0.02032408 0.92277001 0.26210329 0.28175221
246.00000000 0.36737410 -1.20316842 3.29220093 0.01843318 0.93232552 0.26109966 0.24951213
247.00000000 0.37830367 -1.19942045 3.28255628 0.01798085 0.93967983 0.26129686 0.22000558
247.00000000 0.37845075 -1.20444912 3.28921751 0.01595195 0.94045810 0.26086631 0.21733123
248.00000000 0.38825482 -1.20144321 3.28278822 0.01412505 0.94773246 0.25854050 0.18644163
249.00000000 0.39977281 -1.19832323 3.27632691 0.01143092 0.95390477 0.25603171 0.15614989
250.00000000 0.41180496 -1.19477583 3.26730362 0.00815898 0.95840209 0.25464306 0.12866924
251.00000000 0.42283370 -1.19097922 3.25823083 0.00669967 0.96216731 0.25226245 0.10272702
253.00000000 0.44248521 -1.18498477 3.23800536 0.00159990 0.96649309 0.24867516 0.06363337
255.00000000 0.45803815 -1.17376156 3.21249082 -0.00210190 0.96866554 0.24523220 0.03929141
257.00000000 0.46993363 -1.16244782 3.18284898 -0.00530360 0.97012256 0.24125433 0.02510849
259.00000000 0.48107133 -1.15300991 3.15252162 -0.00710399 0.97142279 0.23662742 0.01716837
262.00000000 0.49931858 -1.13106338 3.10312858 -0.01047997 0.97221180 0.23364590 0.01019663
264.00000000 0.51004235 -1.11797679 3.06630038 -0.01149046 0.97295092 0.23058677 0.00801359
266.00000000 0.51830566 -1.10525137 3.03009097 -0.01370973 0.97252402 0.23231351 0.00628559
268.00000000 0.52299322 -1.08713964 2.99298025 -0.01494951 0.97215069 0.23379488 0.00628573
270.00000000 0.52651139 -1.07293974 2.95236967 -0.01699683 0.97178205 0.23509191 0.00908591
272.00000000 0.53094807 -1.06173504 2.91606167 -0.01941404 0.97121335 0.23703915 0.01342253
274.00000000 0.53641092 -1.04331003 2.87868404 -0.02071147 0.97095776 0.23774977 0.01694420
276.00000000 0.54146430 -1.03062515 2.83998371 -0.02092100 0.97112608 0.23670775 0.02111595
276.00000000 0.53938649 -1.02281195 2.83349202 -0.02055003 0.96999602 0.24116856 0.02287226
278.00000000 0.54249999 -1.00945685 2.79475368 -0.02179531 0.96952987 0.24254408 0.02663030
281.00000000 0.54784477 -0.98470093 2.73828629 -0.02073983 0.96911993 0.24326370 0.03462948
283.00000000 0.55363820 -0.97425663 2.70015155 -0.01961619 0.96855080 0.24479039 0.04002773
285.00000000 0.56017709 -0.95819987 2.66445751 -0.01900664 0.96819662 0.24572001 0.04307827
287.00000000 0.56842815 -0.94245255 2.62762163 -0.01757385 0.96814854 0.24546866 0.04609453
290.00000000 0.57833983 -0.92438908 2.57163862 -0.01802195 0.96716985 0.24914656 0.04672993
293.00000000 0.58637422 -0.90189339 2.51483236 -0.01592058 0.96712875 0.24906334 0.04874382
296.00000000 0.59449717 -0.88387889 2.45942012 -0.01536248 0.96621371 0.25223304 0.05073023
299.00000000 0.60465374 -0.85945301 2.40077704 -0.01512226 0.96596688 0.25305673 0.05139638
301.00000000 0.61029624 -0.84795790 2.36182563 -0.01554772 0.96568527 0.25415112 0.05116086
303.00000000 0.61366602 -0.83089350 2.32414590 -0.01536507 0.96538226 0.25470073 0.05411603
305.00000000 0.61510318 -0.81521245 2.28096762 -0.01324729 0.96448213 0.25605710 0.06350981
307.00000000 0.61910284 -0.80147623 2.23821087 -0.01264367 0.96324805 0.25941777 0.06852559
310.00000000 0.62798262 -0.77377704 2.18008877 -0.01323627 0.96245988 0.26058893 0.07476085
314.00000000 0.63794817 -0.74594255 2.09560633 -0.01402138 0.95931735 0.26910889 0.08422600
318.00000000 0.64427191 -0.71662688 2.00997822 -0.01275981 0.95744211 0.27101155 0.09846082
318.00000000 0.63925682 -0.71148859 2.00481306 -0.00363533 0.95859234 0.25623051 0.12423137
322.00000000 0.65086547 -0.67742905 1.92726310 -0.00461042 0.95719191 0.26037627 0.12635897
326.00000000 0.65994112 -0.64721229 1.84729639 -0.00618921 0.95545394 0.26708880 0.12543139
329.00000000 0.66689177 -0.62738223 1.78722327 -0.00613090 0.95467712 0.26983161 0.12547872
332.00000000 0.67656868 -0.60156343 1.73060759 -0.00666264 0.95447111 0.27094314 0.12462074
334.00000000 0.68377325 -0.59066903 1.69247068 -0.00733653 0.95510530 0.27019322 0.12130814
336.00000000 0.69150311 -0.57698049 1.65376238 -0.00760882 0.95479819 0.27186760 0.11996051
338.00000000 0.69714442 -0.55825326 1.61341064 -0.00664289 0.95464919 0.27224520 0.12034682
340.00000000 0.70376822 -0.54717610 1.57203579 -0.00530131 0.95419854 0.27286456 0.12256413
342.00000000 0.71007114 -0.53159720 1.53371368 -0.00555252 0.95377137 0.27389569 0.12357387
344.00000000 0.71722337 -0.51323338 1.49474492 -0.00671181 0.95418610 0.27250255 0.12339448
346.00000000 0.72174837 -0.50318186 1.45277958 -0.00809665 0.95400195 0.27328297 0.12300869
348.00000000 0.72601454 -0.48550697 1.41546198 -0.01037145 0.95367041 0.27464641 0.12237048
351.00000000 0.73165870 -0.46414630 1.35368722 -0.01058915 0.95256192 0.27706799 0.12548699
354.00000000 0.74042628 -0.43937583 1.29716554 -0.01202501 0.95165915 0.27877558 0.12839174
356.00000000 0.74733729 -0.42490668 1.25700899 -0.01271764 0.95184317 0.27765082 0.12939420
358.00000000 0.75203873 -0.41166714 1.21589233 -0.01499039 0.95103708 0.28007658 0.12984942
358.00000000 0.75003870 -0.40766125 1.21617038 -0.01842947 0.95218276 0.27880698 0.12359215
360.00000000 0.75431622 -0.38878385 1.17703896 -0.01973351 0.95150093 0.28109834 0.12345156
363.00000000 0.76266073 -0.37141027 1.11545295 -0.02028421 0.94955760 0.28588590 0.12727205
366.00000000 0.77408533 -0.34560873 1.06032284 -0.02125589 0.94787009 0.29043620 0.12937271
368.00000000 0.78315651 -0.33379486 1.01998825 -0.02292335 0.94617617 0.29598922 0.12890135
370.00000000 0.78956680 -0.31941780 0.98099755 -0.02327518 0.94477930 0.30033772 0.12902554
372.00000000 0.79604353 -0.30083551 0.94141413 -0.02274514 0.94411442 0.30156056 0.13111772
374.00000000 0.80386004 -0.29000613 0.90109813 -0.02289222 0.94338045 0.30446324 0.12965884
377.00000000 0.81635784 -0.26742174 0.84893309 -0.02232622 0.94302954 0.30787701 0.12413126
379.00000000 0.82574295 -0.25497241 0.81031844 -0.02258015 0.94343548 0.30911494 0.11776070
382.00000000 0.83677437 -0.23353615 0.75591613 -0.02165919 0.94389754 0.31311446 0.10270176
384.00000000 0.84616004 -0.21813654 0.71892600 -0.01989324 0.94456219 0.31387585 0.09427878
386.00000000 0.85676698 -0.20928075 0.68013703 -0.01912622 0.94475678 0.31755547 0.07891351
388.00000000 0.86710476 -0.19385347 0.64525609 -0.01978116 0.94615563 0.31914017 0.05047558
390.00000000 0.87721613 -0.17678524 0.61151961 -0.02228062 0.94744268 0.31912779 0.00365962
391.00000000 0.87984146 -0.17342142 0.59330491 -0.02119894 0.94695289 0.32023615 -0.01672230
392.00000000 0.88305990 -0.16792484 0.57357151 -0.01994337 0.94601607 0.32120417 -0.03851943
392.00000000 0.87684636 -0.17002626 0.57581319 -0.01190994 0.94858945 0.31573179 -0.01869851
394.00000000 0.88405108 -0.15829633 0.54550119 -0.00890998 0.94635862 0.31632402 -0.06530764
396.00000000 0.88824486 -0.14475524 0.51211839 -0.00618661 0.94132853 0.31706952 -0.11545234
397.00000000 0.88963761 -0.14065223 0.49626488 -0.00564961 0.93750837 0.31661986 -0.14421510
399.00000000 0.89283173 -0.13096084 0.46459911 -0.00216573 0.92784354 0.31510178 -0.19953082
402.00000000 0.89795756 -0.11035263 0.41946004 0.00145815 0.90593777 0.31000398 -0.28839585
404.00000000 0.89546621 -0.10115195 0.38595764 0.00364564 0.88871713 0.30588680 -0.34147010
406.00000000 0.88989760 -0.09020765 0.35439398 0.00531010 0.86876002 0.29895707 -0.39478159
408.00000000 0.87905192 -0.07740951 0.32524302 0.00635774 0.84734600 0.29109059 -0.44410651
410.00000000 0.85944595 -0.06941822 0.29502457 0.00377174 0.82170933 0.28152067 -0.49550546
411.00000000 0.85213455 -0.06759093 0.28122868 0.00207125 0.80833994 0.27632054 -0.51983576
412.00000000 0.83998710 -0.06244319 0.26697750 0.00193787 0.79549697 0.27141012 -0.54177243
413.00000000 0.82921465 -0.05784830 0.25489252 -0.00038983 0.78266282 0.26729763 -0.56213054
415.00000000 0.80162135 -0.04936113 0.23276468 -0.00140518 0.76165393 0.25701342 -0.59483226
417.00000000 0.76755206 -0.04710339 0.20969101 -0.00103460 0.74570714 0.25020800 -0.61750769
419.00000000 0.73962625 -0.04076171 0.19355205 -0.00461416 0.73337582 0.24592918 -0.63376451
421.00000000 0.70328394 -0.03539315 0.18175316 -0.00939112 0.72475782 0.24362012 -0.64442776
421.00000000 0.70374181 -0.03381927 0.18176450 -0.00528579 0.72893852 0.24192261 -0.64038593
423.00000000 0.67142766 -0.03495497 0.16655196 -0.00820208 0.72221475 0.24090426 -0.64830835
425.00000000 0.63767391 -0.02769627 0.15585251 -0.00995109 0.71762495 0.23831928 -0.65430829
427.00000000 0.59959891 -0.02519359 0.14374181 -0.01141528 0.71141640 0.23634765 -0.66173724
429.00000000 0.55971868 -0.02394941 0.13243634 -0.01117132 0.70315122 0.23675756 -0.67037260
432.00000000 0.50187947 -0.01704390 0.11967882 -0.01039982 0.69470037 0.23376404 -0.68017469
434.00000000 0.46390323 -0.01959022 0.10738417 0.00647270 -0.68614043 -0.23234183 0.68933786
436.00000000 0.43180759 -0.01464022 0.09694908 0.00501817 -0.67442213 -0.22695350 0.70258218
438.00000000 0.39587072 -0.00917578 0.08348464 0.00561125 -0.64899127 -0.21911737 0.72853718
439.00000000 0.37739783 -0.01008664 0.07757241 0.00596037 -0.63515442 -0.21317745 0.74236023
440.00000000 0.35962582 -0.01141929 0.07329598 0.00359562 -0.62208865 -0.20647370 0.75522275
441.00000000 0.34410462 -0.01139311 0.06931463 0.00123174 -0.60852504 -0.20063762 0.76775015
442.00000000 0.32469754 -0.00964381 0.06557196 -0.00151606 -0.59251253 -0.19502748 0.78159509
443.00000000 0.30441600 -0.00808991 0.06407096 -0.00382591 -0.57436461 -0.18951098 0.79635184
444.00000000 0.28640558 -0.01045725 0.06200782 -0.00706367 -0.55482704 -0.18116708 0.81197016
445.00000000 0.26991367 -0.01148139 0.05935615 -0.00721207 -0.53310019 -0.17280494 0.82818514
446.00000000 0.25427013 -0.01341794 0.05672898 -0.00947750 -0.50884386 -0.16179222 0.84546518
446.00000000 0.24660976 -0.00746846 0.05473513 -0.01133318 -0.49096248 -0.16798434 0.85475649
447.00000000 0.23182600 -0.00645904 0.05268583 -0.01229626 -0.46467311 -0.15693820 0.87137713
448.00000000 0.21578206 -0.00432686 0.05106535 -0.01348193 -0.43416138 -0.14471191 0.88903352
449.00000000 0.19819303 -0.00183269 0.05020161 -0.01505544 -0.40278124 -0.13136211 0.90569565
450.00000000 0.18141228 -0.00156751 0.05040144 -0.01763348 -0.37475464 -0.11873312 0.91932065
451.00000000 0.16425437 -0.00333979 0.05243757 -0.01979433 -0.34276767 -0.10637766 0.93316789
452.00000000 0.15092456 -0.00620124 0.05346919 -0.02197847 -0.31267242 -0.09510267 0.94483246
453.00000000 0.13772694 -0.00907634 0.05480617 -0.02345282 -0.28426031 -0.08372025 0.95479682
455.00000000 0.11403645 -0.01411594 0.06561545 -0.02644759 -0.23847271 -0.06678432 0.96848910
457.00000000 0.09280731 -0.01828143 0.08204738 -0.02703164 -0.20136198 -0.05423739 0.97764050
459.00000000 0.07222085 -0.02871953 0.10267045 -0.02696533 -0.17205437 -0.04386484 0.98374084
461.00000000 0.05311984 -0.03883592 0.12660223 -0.02567455 -0.14627107 -0.03559597 0.98827047
463.00000000 0.03623323 -0.04811202 0.15024110 -0.02153357 -0.12299332 -0.03002468 0.99171945
466.00000000 0.01747467 -0.06776634 0.18991916 -0.01726382 -0.10558655 -0.02593994 0.99392181
469.00000000 0.00680332 -0.08327735 0.23822737 -0.01495435 -0.09883723 -0.02616170 0.99464724
472.00000000 -0.00006899 -0.10499070 0.28536408 -0.01325124 -0.09681314 -0.03052435 0.99474614
